10,151
10,89
10,287
10,257
10,111
10,77
10,27
10,241
11,17
11,7
11,25
11,13
11,26
11,2
11,3
9,5
9,7
9,2
9,3
1862,4
1862,3
8,11
1862,2
1862,1
1862,0
1861,6
1861,5
1861,4
1861,3
8,15
1861,2
8,13
1861,1
1861,0
1859,6
1859,5
1859,4
1859,3
8,12
8,2
8,3
1859,2
1859,1
0,571
1859,0
1856,4
1856,3
1856,2
1856,1
1856,0
1855,4
1855,3
1855,2
1855,1
1855,0
1853,3
1853,2
1853,1
1853,0
1847,3
1847,2
1847,1
1847,0
1844,4
1844,3
1844,2
1844,1
1844,0
1843,4
1843,3
1843,2
1843,1
1843,0
1841,3
1841,2
1841,1
1841,0
1840,4
1840,3
1840,2
1840,1
1840,0
1839,6
1839,5
1839,4
1839,3
1839,2
1839,1
1839,0
1837,6
1837,5
1837,4
1837,3
1837,2
1837,1
1837,0
1834,4
1834,3
1834,2
1834,1
1791,5
1791,3
1791,1
20,3
20,2
20,1
19,3
19,2
19,1
14,4
12,3
12,2
12,1
11,30
11,29
11,28
11,27
11,24
11,23
11,22
11,21
11,19
11,18
11,14
